# Created by Octave 3.2.4, Fri Sep 07 14:53:39 2012 EDT <garthz@dextrous>
# name: Fzerr
# type: scalar
-0.01750580399999997
# name: Zerr
# type: matrix
# rows: 1
# columns: 3
 0.004088925919297754 0.002386972063239305 -0.1005363175674611
# name: K
# type: scalar
9.075607749363417
# name: R
# type: scalar
37.6795306377727
# name: C
# type: matrix
# rows: 3
# columns: 4
 0.01823109326655712 0.008363519891056772 0.008247319560851993 -87.64311150068933
 0.9743212691831333 -0.2966020429545096 -0.09268131482590317 -1091.330610728787
 -0.2381726985522509 -0.3045016235969253 0.3696399601581741 283.5755202781341
