# Created by Octave 3.2.4, Fri Sep 07 14:53:33 2012 EDT <garthz@dextrous>
# name: Fzerr
# type: scalar
-0.01750580399999997
# name: TCPtoSensor
# type: matrix
# rows: 3
# columns: 4
 -2.123780701133874e-14 -0.999883281832737 7.860763906117341e-14 800.2065904507282
 -0.9999401576683927 2.131829462308568e-16 6.130659131395322e-14 106.7769431696808
 1.013238043332115e-15 4.22172867614568e-17 0.9506756756756853 -138.9249324324339
# name: Zerr
# type: matrix
# rows: 1
# columns: 3
 0.004088925919297754 0.002386972063239305 -0.1005363175674611
