# Created by Octave 3.2.4, Thu Sep 06 12:49:59 2012 EDT <garthz@giant>
# name: center
# type: matrix
# rows: 1
# columns: 2
 106.7567782276425 800.2961087242703
# name: radius
# type: scalar
52.75126576617551
