image_width: 640
image_height: 480
camera_name: depth_0000000000000000
camera_matrix:
  rows: 3
  cols: 3
  data: [574.325788977656, 0, 307.166254739989, 0, 577.10001044218, 246.358039686449, 0, 0, 1]
distortion_model: plumb_bob
distortion_coefficients:
  rows: 1
  cols: 5
  data: [-0.0436098776750378, 0.0910559121858682, 0.00257215404311807, -0.00218831608894912, 0]
rectification_matrix:
  rows: 3
  cols: 3
  data: [1, 0, 0, 0, 1, 0, 0, 0, 1]
projection_matrix:
  rows: 3
  cols: 4
  data: [574.340698242188, 0, 305.686769937922, 0, 0, 576.610900878906, 246.920876041608, 0, 0, 0, 1, 0]