image_width: 640
image_height: 480
camera_name: depth_0000000000000000
camera_matrix:
  rows: 3
  cols: 3
  data: [582.488212647868, 0, 315.911170431072, 0, 586.691109996575, 244.118511663085, 0, 0, 1]
distortion_model: plumb_bob
distortion_coefficients:
  rows: 1
  cols: 5
  data: [-0.049797650172294, 0.145057124928206, 0.00306877444310222, -0.00108093745620034, 0]
rectification_matrix:
  rows: 3
  cols: 3
  data: [1, 0, 0, 0, 1, 0, 0, 0, 1]
projection_matrix:
  rows: 3
  cols: 4
  data: [587.197143554688, 0, 314.980714543402, 0, 0, 590.304016113281, 244.852381419465, 0, 0, 0, 1, 0]