image_width: 640
image_height: 480
camera_name: depth_0000000000000000
camera_matrix:
  rows: 3
  cols: 3
  data: [572.148432815365, 0, 315.350356763576, 0, 572.818171189631, 247.352388080723, 0, 0, 1]
distortion_model: plumb_bob
distortion_coefficients:
  rows: 1
  cols: 5
  data: [-0.0629275457876142, 0.0634802550816411, 0.000447930993532185, -0.00706173432205287, 0]
rectification_matrix:
  rows: 3
  cols: 3
  data: [1, 0, 0, 0, 1, 0, 0, 0, 1]
projection_matrix:
  rows: 3
  cols: 4
  data: [563.126220703125, 0, 310.800353374289, 0, 0, 567.15673828125, 247.055797962472, 0, 0, 0, 1, 0]