image_width: 640
image_height: 480
camera_name: depth_A00363816564046A
camera_matrix:
  rows: 3
  cols: 3
  data: [589.32118150347, 0, 340.510743978928, 0, 591.792843239984, 247.363425059688, 0, 0, 1]
distortion_model: plumb_bob
distortion_coefficients:
  rows: 1
  cols: 5
  data: [-0.0666576023568245, 0.132016452689666, 0.000839104254066944, 0.00521611256074338, 0]
rectification_matrix:
  rows: 3
  cols: 3
  data: [1, 0, 0, 0, 1, 0, 0, 0, 1]
projection_matrix:
  rows: 3
  cols: 4
  data: [586.492431640625, 0, 342.434213713757, 0, 0, 590.879150390625, 247.107536774784, 0, 0, 0, 1, 0]