image_width: 640
image_height: 480
camera_name: rgb_0000000000000000
camera_matrix:
  rows: 3
  cols: 3
  data: [509.918486202872, 0, 305.754534114217, 0, 512.479133730338, 239.721517827905, 0, 0, 1]
distortion_model: plumb_bob
distortion_coefficients:
  rows: 1
  cols: 5
  data: [0.0284629683508835, -0.100426184778486, 0.00278892491288924, -0.00556728333027661, 0]
rectification_matrix:
  rows: 3
  cols: 3
  data: [1, 0, 0, 0, 1, 0, 0, 0, 1]
projection_matrix:
  rows: 3
  cols: 4
  data: [505.982666015625, 0, 301.10475817768, 0, 0, 512.852233886719, 240.248339303109, 0, 0, 0, 1, 0]