image_width: 640
image_height: 480
camera_name: rgb_0000000000000000
camera_matrix:
  rows: 3
  cols: 3
  data: [528.149427120591, 0, 308.648535385245, 0, 528.53489384784, 235.60189639095, 0, 0, 1]
distortion_model: plumb_bob
distortion_coefficients:
  rows: 1
  cols: 5
  data: [0.0240982651103341, -0.0962540190200059, -0.00164347730152938, 0.00770224477036665, 0]
rectification_matrix:
  rows: 3
  cols: 3
  data: [1, 0, 0, 0, 1, 0, 0, 0, 1]
projection_matrix:
  rows: 3
  cols: 4
  data: [525.364807128906, 0, 312.423323141902, 0, 0, 529.123474121094, 234.433767472861, 0, 0, 0, 1, 0]