image_width: 640
image_height: 480
camera_name: rgb_0000000000000000
camera_matrix:
  rows: 3
  cols: 3
  data: [514.488112648259, 0, 328.515109556775, 0, 515.924911462371, 246.156042496053, 0, 0, 1]
distortion_model: plumb_bob
distortion_coefficients:
  rows: 1
  cols: 5
  data: [0.0110392382115759, -0.0772696557161819, -0.00456648737308769, 0.00436745062896112, 0]
rectification_matrix:
  rows: 3
  cols: 3
  data: [1, 0, 0, 0, 1, 0, 0, 0, 1]
projection_matrix:
  rows: 3
  cols: 4
  data: [509.567657470703, 0, 331.164537509128, 0, 0, 514.72216796875, 244.123012603581, 0, 0, 0, 1, 0]