image_width: 640
image_height: 480
camera_name: rgb_A00363816564046A
camera_matrix:
  rows: 3
  cols: 3
  data: [532.801682981944, 0, 343.693890913384, 0, 537.886610471615, 254.558873377405, 0, 0, 1]
distortion_model: plumb_bob
distortion_coefficients:
  rows: 1
  cols: 5
  data: [0.168337016580665, -0.256133293193261, -0.00368344994244296, 0.00554324993290744, 0]
rectification_matrix:
  rows: 3
  cols: 3
  data: [1, 0, 0, 0, 1, 0, 0, 0, 1]
projection_matrix:
  rows: 3
  cols: 4
  data: [545.994934082031, 0, 346.716964155148, 0, 0, 554.143005371094, 252.651821190744, 0, 0, 0, 1, 0]