qw: 0.0180691
qx: 0.999761
qy: 0.0119914
qz: 0.00279008
tx: 0.620037
ty: 0.376815
tz: 1.13071
# This simply holds the latest params. Old ones are pushed to
#old_transform_params/<time>_params.yaml .
