<?xml version="1.0"?>
<opencv_storage>
<rot_matrix type_id="opencv-matrix">
  <rows>3</rows>
  <cols>3</cols>
  <dt>d</dt>
  <data>
    -1.6789079791244566e+00 -1.9115621300812136e+00
    -9.3901817457498227e-01 -1.7807539876171679e+00
    -1.7963974896399153e+00 -8.9876436045693719e-01
    1.7476295869952103e+00 1.8456631703640498e+00
    -8.8272461754643672e-01</data></rot_matrix>
</opencv_storage>
