<?xml version="1.0"?>
<opencv_storage>
<trans_vector type_id="opencv-matrix">
  <rows>3</rows>
  <cols>3</cols>
  <dt>d</dt>
  <data>
    -2.2386037521843081e+00 -2.5394943040143891e+00
    5.6608551801700813e+01 -2.4514523101535581e+00
    -2.1176308060518969e+00 5.6603196556363407e+01
    -2.0995781794795709e+00 -2.2222644622280670e+00
    5.5575931160413532e+01</data></trans_vector>
</opencv_storage>
