0.707108291084     0.70710503172     0.000582061383242
0.000413722822013     0.000409436270421     -0.999999830598
-0.707105150252     0.707108412111     -3.02970769733e-06

t=[-1.46173871083e-32;     -1.07687917388e-26;     -1.89421366083e-38]
