qw: 0.0199098
qx: 0.999729
qy: 0.0119657
qz: 0.00123468
tx: 6.22705
ty: 3.80643
tz: 11.3096
# This simply holds the latest params. Old ones are pushed to
#old_transform_params/<time>_params.yaml .