qw: 0.0199098
qx: 0.999729
qy: 0.0119657
qz: 0.00123468
tx: 622.705
ty: 380.643
tz: 1130.96
# This simply holds the latest params. Old ones are pushed to
#old_transform_params/<time>_params.yaml .