qw: 0.0199098
qx: 0.999729
qy: 0.0119657
qz: 0.00123468
tx: 0.622705
ty: 0.380643
tz: 1.13096
# This simply holds the latest params. Old ones are pushed to
#old_transform_params/<time>_params.yaml .